name: binrefinemnet
channels:
  - bioconda
  - conda-forge
dependencies:
  - _libgcc_mutex=0.1=conda_forge
  - _openmp_mutex=4.5=2_gnu
  - blast=2.16.0=hc155240_2
  - bowtie2=2.5.4=h7071971_4
  - bzip2=1.0.8=h4bc722e_7
  - c-ares=1.34.3=heb4867d_0
  - ca-certificates=2024.8.30=hbcca054_0
  - curl=8.8.0=he654da7_1
  - entrez-direct=22.4=he881be0_0
  - flye=2.9.5=py310ha025fb0_1
  - gettext=0.22.5=he02047a_3
  - gettext-tools=0.22.5=he02047a_3
  - htslib=1.21=h5efdd21_0
  - k8=0.2.5=hdcf5f25_4
  - kernel-headers_linux-64=3.10.0=he073ed8_18
  - keyutils=1.6.1=h166bdaf_0
  - krb5=1.21.3=h659f571_0
  - ld_impl_linux-64=2.43=h712a8e2_2
  - libasprintf=0.22.5=he8f35ee_3
  - libasprintf-devel=0.22.5=he8f35ee_3
  - libcurl=8.8.0=hca28451_1
  - libdeflate=1.21=h4bc722e_0
  - libedit=3.1.20191231=he28a2e2_2
  - libev=4.33=hd590300_2
  - libffi=3.4.2=h7f98852_5
  - libgcc=14.2.0=h77fa898_1
  - libgcc-ng=14.2.0=h69a702a_1
  - libgettextpo=0.22.5=he02047a_3
  - libgettextpo-devel=0.22.5=he02047a_3
  - libgomp=14.2.0=h77fa898_1
  - libidn2=2.3.7=hd590300_0
  - libnghttp2=1.58.0=h47da74e_1
  - libnsl=2.0.1=hd590300_0
  - libsqlite=3.46.0=hde9e2c9_0
  - libssh2=1.11.0=h0841786_0
  - libstdcxx=14.2.0=hc0a3c3a_1
  - libstdcxx-ng=14.2.0=h4852527_1
  - libunistring=0.9.10=h7f98852_0
  - libuuid=2.38.1=h0b41bf4_0
  - libxcrypt=4.4.36=hd590300_1
  - libzlib=1.2.13=h4ab18f5_6
  - llvm-openmp=8.0.1=hc9558a2_0
  - miniasm=0.2=0
  - minimap2=2.28=he4a0461_3
  - ncbi-vdb=3.1.1=h4ac6f70_2
  - ncurses=6.5=he02047a_1
  - openmp=8.0.1=0
  - openssl=3.4.0=hb9d3cd8_0
  - perl=5.32.1=7_hd590300_perl5
  - perl-archive-tar=2.40=pl5321hdfd78af_0
  - perl-carp=1.38=pl5321hdfd78af_4
  - perl-common-sense=3.75=pl5321hdfd78af_0
  - perl-compress-raw-bzip2=2.201=pl5321h87f3376_1
  - perl-compress-raw-zlib=2.105=pl5321h87f3376_0
  - perl-encode=3.19=pl5321hec16e2b_1
  - perl-exporter=5.72=pl5321hdfd78af_2
  - perl-exporter-tiny=1.002002=pl5321hdfd78af_0
  - perl-extutils-makemaker=7.70=pl5321hd8ed1ab_0
  - perl-io-compress=2.201=pl5321hdbdd923_2
  - perl-io-zlib=1.14=pl5321hdfd78af_0
  - perl-json=4.10=pl5321hdfd78af_1
  - perl-json-xs=4.03=pl5321h4ac6f70_3
  - perl-list-moreutils=0.430=pl5321hdfd78af_0
  - perl-list-moreutils-xs=0.430=pl5321h031d066_3
  - perl-parent=0.236=pl5321hdfd78af_2
  - perl-pathtools=3.75=pl5321hec16e2b_3
  - perl-scalar-list-utils=1.62=pl5321hec16e2b_1
  - perl-types-serialiser=1.01=pl5321hdfd78af_0
  - pigz=2.8=h2797004_0
  - pip=24.3.1=pyh8b19718_0
  - python=3.10.14=hd12c33a_0_cpython
  - python_abi=3.10=5_cp310
  - racon=1.5.0=hdcf5f25_4
  - readline=8.2=h8228510_1
  - rpsbproc=0.5.0=h6a68c12_1
  - samclip=0.4.0=hdfd78af_1
  - samtools=1.21=h50ea8bc_0
  - setuptools=75.3.0=pyhd8ed1ab_0
  - spades=3.15.5=h5fb382e_3
  - sysroot_linux-64=2.17=h4a8ded7_18
  - tk=8.6.13=noxft_h4845f30_101
  - tzdata=2024b=hc8b5060_0
  - unicycler=0.5.0=py310hdf79db3_5
  - wget=1.21.4=hda4d442_0
  - wheel=0.45.0=pyhd8ed1ab_0
  - xz=5.2.6=h166bdaf_0
  - zlib=1.2.13=h4ab18f5_6
  - zstd=1.5.6=ha6fb4c9_0
prefix: /home/kazu/mambaforge/envs/binrefinemnet
